time,x,y,z,phi,theta,psi,x_velocity,y_velocity,z_velocity,phi_velocity,theta_velocity,psi_velocity,rotor_speed1,rotor_speed2,rotor_speed3,rotor_speed4
0.06,-5.7431379816e-07,1.71761333923e-05,10.0049949236,0.00444560791687,6.81207965894e-05,0.0,-3.15730931336e-05,0.00104528962018,0.166486383569,0.021928207273,-0.00430063482793,0.0,457.1095501104597,456.76679980919624,457.2082273321627,458.95157281965544
0.12000000000000001,-9.07501112377e-05,0.00020160522182,10.0228264458,0.00609151540569,0.0191489834855,0.0,-0.0053174158349,0.00531879048382,0.427820337717,0.0143198755881,0.0426876157586,0.0,484.4851287810776,488.00463476322955,484.96402878062537,484.39224083548
0.18,-0.000892590971172,0.000675178345823,10.0550497742,0.00749344978098,0.0231735434947,0.0,-0.0219071271028,0.0106450481267,0.646180781974,0.00496088864255,0.0281819044097,0.0,473.2396648578346,472.12257930771193,474.16905520662164,473.4495175437578
0.23999999999999996,-0.00274025993565,0.00151923242298,10.0987431962,0.0156287972836,0.0253813351734,0.0,-0.0399358280245,0.0184315243882,0.810148126325,-0.0269305043401,0.0190152744737,0.0,457.8977764903141,457.16816646951526,458.2910599504299,455.7495586323556
0.3,-0.00566247407668,0.00294021355917,10.150225319,0.0141481512793,0.0265705734834,0.0,-0.0575941120932,0.0287801916514,0.905849856906,-0.0239279530443,0.0151247284877,0.0,436.3479141820248,436.02298743430845,436.3234580990156,436.57387752110503
0.36000000000000004,-0.00971833891005,0.00497014700315,10.2086463896,0.0131822775413,0.0325721535028,0.0,-0.0782169615715,0.0387718721062,1.04138817658,-0.0175243107682,0.0386780582064,0.0,447.48979738411344,449.40284695112746,449.27989972483033,449.79872075888244
0.4200000000000001,-0.0152987382959,0.00764507984317,10.2802952541,0.0121382487331,0.0351236550389,0.0,-0.108132937295,0.0502536958626,1.34658757841,-0.0202513531727,0.0320798608852,0.0,499.9338162910246,499.4533263408486,498.4555705475475,498.25636234638625
0.48000000000000015,-0.0225774054358,0.0109386373456,10.3645748499,0.0181446486291,0.0478130596665,0.0,-0.135772397215,0.0601262409489,1.46252910296,0.00801078430479,0.0668406305172,0.0,441.72375799501674,444.5819605691295,443.54728120698417,445.8621319239168
0.5400000000000001,-0.0318485828381,0.0149454859698,10.4565518112,0.0187340136477,0.0661747846434,0.0,-0.175287026376,0.0734905532992,1.60306693871,0.0106168603225,0.0241241285011,0.0,454.4372339861724,451.00238081479785,451.2935114893824,451.503674745566
0.6000000000000002,-0.0438376877738,0.0197829769392,10.557163559,0.0219392629282,0.0679351347173,0.0,-0.224536346814,0.0881243460476,1.7504172779,-0.00817935909081,0.0166799742339,0.0,455.0714605745125,454.4752424070177,455.4704864770107,453.9648154724875
0.6600000000000003,-0.0589350809277,0.0255930546369,10.6683323885,0.0219024342524,0.069077847902,0.0,-0.278819655816,0.105542963433,1.95486696397,-0.0168567898559,0.0197775856896,0.0,471.94064835661624,472.17956997063766,473.11880202562264,472.4504063714119
0.7200000000000003,-0.0770545511045,0.0323704733629,10.7879238798,0.0243248407968,0.071464327565,0.0,-0.325379612221,0.120587052963,2.03135472893,0.00227785032895,0.0306364786787,0.0,434.05183463475106,434.96221439237286,432.2254902398451,433.83511227779485
0.7800000000000004,-0.0983468498081,0.0402105468037,10.9167201757,0.0261184593514,0.0732928673325,0.0,-0.384558954257,0.140938926808,2.2613963599,0.0152296883725,0.028904879936,0.0,480.694637735487,480.5636216626799,480.83700100978587,481.81703910208233
0.8400000000000004,-0.122915842638,0.0491921848862,11.0546347705,0.0275966485666,0.0816303737272,0.0,-0.435245023106,0.158597021243,2.33552545935,0.00571288619107,-0.000470097563935,0.0,435.4466168836617,432.98243090790123,435.01686810322525,434.2191484260528
0.9000000000000005,-0.150683506277,0.0593332827143,11.197169037,0.0461635024857,0.0841290537994,0.0,-0.490564544025,0.181319835607,2.41535112057,-0.0422667075356,0.0157846305639,0.0,435.42588915309693,436.7835027258635,439.40107651417196,435.4054253126668
0.9600000000000005,-0.182134931089,0.0713022087606,11.3477595048,0.0485982322811,0.0938926133281,0.0,-0.558944897881,0.21792840899,2.60377799216,-0.0679195692378,-0.017964036652,0.0,471.86378641481326,469.25129178241843,472.12471754459455,470.13983306894704
1.0200000000000005,-0.217269996288,0.0851955139848,11.5032591992,0.046581599129,0.0931111280533,0.0,-0.612176089587,0.245028330829,2.57959943658,-0.0848828275994,-0.0252471226796,0.0,404.86944227143874,404.2136094591875,403.89962137133256,402.3619743002826
1.0800000000000005,-0.255898339576,0.100835319431,11.6606699363,0.0449872028397,0.0916932703956,0.0,-0.675286801991,0.276108424396,2.66722784377,-0.0655584533098,-0.0300634052474,0.0,440.1160974007231,439.71712278365675,440.8861513665093,442.4748903583381
1.1400000000000006,-0.297976830086,0.118150385279,11.8199427878,0.0413509371452,0.0909363653333,0.0,-0.727291091029,0.300762973375,2.64193220475,-0.0728506640471,-0.0425360385236,0.0,404.34525935454394,403.2194186502146,404.11605580053885,403.454203990056
1.2000000000000006,-0.343490462354,0.137034080586,11.9813514333,0.0382984804355,0.0884399946716,0.0,-0.789570990463,0.328386568518,2.73814902084,-0.0866872446927,-0.0465885695111,0.0,443.7888858280163,443.45503584284825,444.51873004903786,443.37863398396564
1.2600000000000007,-0.393182304625,0.157712366808,12.1541109843,0.0334360849617,0.0857156567407,0.0,-0.866419762509,0.360227085499,3.01983238614,-0.0813991677035,-0.0446332275842,0.0,499.3949672355495,499.53658588003685,498.90720102960614,499.2880891532128
1.3200000000000007,-0.446988785937,0.180011093558,12.3386367905,0.0299552522084,0.086297016231,0.0,-0.927155765938,0.382677303863,3.13071937463,-0.0695683295472,-0.0260202279357,0.0,449.8372335950252,451.341251571551,449.5601670507479,450.51309622538486
1.3800000000000008,-0.504101282174,0.203465216106,12.5257920246,0.0261687091368,0.0850746242915,0.0,-0.976517580492,0.398814625626,3.10786015815,-0.0776932145292,-0.0337087302917,0.0,408.1919603753161,407.504925176426,407.11770623385627,406.3854770074209
1.4400000000000008,-0.565076705911,0.228101176255,12.7222758979,0.023370442833,0.0859225045982,0.0,-1.05601916966,0.421996407723,3.44062653904,-0.0938950688407,-0.0163107613124,0.0,514.1934920459498,515.4244276402042,516.1069086220417,514.9575096212196
1.5000000000000009,-0.63029701711,0.253892764814,12.9323859878,0.0178744795997,0.0854045766064,0.0,-1.11791309913,0.437128540491,3.56267089056,-0.0908565150998,-0.0099791079432,0.0,456.2787952535003,456.7841335450544,455.9975594428137,456.2331944760932
1.560000000000001,-0.699103732979,0.280450415086,13.1483813177,0.0125204217527,0.0855869476766,0.0,-1.17566807288,0.447589788879,3.63692999479,-0.0884347459353,-0.0209348550637,0.0,443.84187903922435,442.94186837541497,440.93934742373557,441.13252989176584
1.620000000000001,-0.771370134266,0.307532406971,13.3687227056,0.00837063826561,0.0849045484948,0.0,-1.23315295267,0.454744666118,3.70755090904,-0.101475836223,-0.0305184657169,0.0,442.0476459991127,441.25707284596496,442.04425496181614,440.9608746278958
1.680000000000001,-0.846761065687,0.334944304467,13.5896272518,0.00868004962462,0.0836488830898,0.0,-1.27980682389,0.458989733621,3.65610155623,-0.0749420345613,-0.0233225607313,0.0,401.19390918955276,401.8464877394096,400.2804166856005,402.6797621133302
1.740000000000001,-0.92510410466,0.362618839144,13.8094672075,0.00423626737557,0.0822476177797,0.0,-1.33151983988,0.463096557337,3.67185367077,-0.078929961997,-0.0234222794917,0.0,424.4452775533135,424.43663912716926,423.6098760224091,423.26187350147063
1.8000000000000012,-1.00655237273,0.390466377757,14.0305381097,0.0015891471546,0.0808748535386,0.0,-1.38331221906,0.464927403063,3.69709729201,-0.0960075989115,-0.0223095972529,0.0,427.07318128354683,427.16801562699357,427.93643741334046,426.47395443022674
1.8600000000000012,-1.09100240403,0.418362604026,14.2520364858,6.27912541308,0.0805187233473,0.0,-1.43167506546,0.464457117242,3.68621632702,-0.0933596718128,-0.0125856685541,0.0,414.6642908241511,415.51770312007733,415.44866193770446,415.6724058824329
1.9200000000000013,-1.17847433173,0.446131505505,14.4744026606,6.27575641043,0.0797532240732,0.0,-1.48399817165,0.460844100206,3.72585500701,-0.078148324976,-0.013341902577,0.0,432.4619304429102,432.3983375891886,430.85932049945575,432.13678587610184
1.9800000000000013,-1.26962880904,0.473560229506,14.7059480426,6.27113451934,0.0814052491016,0.0,-1.55461953288,0.452873254531,3.99137783111,-0.082428124718,0.00265534955344,0.0,499.9167897959768,501.0812375401535,500.02504157967496,499.70883574343094
2.0400000000000014,-1.36458198866,0.500466308317,14.9475363987,6.26620120139,0.0818834731362,0.0,-1.61053080271,0.443518856146,4.0612944424,-0.0853390806832,0.007756842491,0.0,443.72882646118205,444.1473785455347,444.1922927507487,443.94780915163625
2.1000000000000014,-1.4627314385,0.526750458714,15.1911992105,6.26108640783,0.0827505285643,0.0,-1.6612116192,0.432174479058,4.06077432135,-0.087991330928,0.0136022253898,0.0,421.39888391469435,421.9038061775368,422.02879622190693,421.7932166849775
2.1600000000000015,-1.56417353185,0.552198756378,15.4375992514,6.25582388441,0.0837348408582,0.0,-1.72029257038,0.415578252105,4.15218754557,-0.0873274530455,0.00775232862113,0.0,451.42213615747374,450.9496782930626,451.56669801409697,451.6139958137706
2.2200000000000015,-1.66929694639,0.576521266455,15.6904340129,6.25190601528,0.0922165326105,0.0,-1.78471226882,0.394764535784,4.27501965233,-0.0758767044228,-0.0244867427465,0.0,463.47677221948385,460.93579846873183,461.140476318323,462.03878224846545
2.2800000000000016,-1.77815130989,0.599607280562,15.9475984283,6.2473621981,0.0912141926116,0.0,-1.84370927761,0.374363648549,4.29702514133,-0.0786568458738,-0.0332673688028,0.0,431.40833854156773,430.66599521794274,431.8562159440632,431.6167623680047
2.3400000000000016,-1.89075385714,0.621306896702,16.2082212443,6.24273391418,0.0963516169525,0.0,-1.91023994641,0.34850500549,4.38991996221,-0.0763393190456,-0.0637499605716,0.0,455.00863716036326,452.56037494708255,454.472181755627,454.65323783087103
2.4000000000000017,-2.00762123556,0.641294979072,16.4762216264,6.24054911963,0.098928553868,0.0,-1.98555956533,0.31753815414,4.54273588693,-0.0605424325071,-0.0372072956772,0.0,473.5236557125788,475.5594526758266,471.43785892611305,472.65341865872495
2.4600000000000017,-2.12915340888,0.659341033389,16.7542651176,6.23829493117,0.100022329474,0.0,-2.06557286946,0.283794006991,4.7245656458,-0.0746596210692,-0.0183927936654,0.0,482.700106283063,484.117727074271,483.53693861076783,482.4693707998992
2.520000000000002,-2.25513665069,0.675504926723,17.0392001878,6.23922010591,0.107540093269,0.0,-2.13453653716,0.255137943203,4.77290739685,-0.101355461468,0.0125941718855,0.0,444.1659863984209,446.7004298034149,444.5068423463363,442.30765659916216
2.580000000000002,-2.38526037264,0.69000163501,17.3258463229,6.23474738207,0.109313025967,0.0,-2.20311756319,0.227709104049,4.78184254536,-0.116501540207,0.000280506392057,0.0,432.8672394933268,431.82951549928157,433.29336843078505,432.00768739810866
2.640000000000002,-2.51936432463,0.702853802278,17.6114409577,6.23119107387,0.110993184357,0.0,-2.26721816252,0.200423446827,4.73808794672,-0.13803694554,-0.0150982882247,0.0,415.8140825200195,414.4645048420061,416.28419787006106,414.3800379965805
2.700000000000002,-2.65772054131,0.713820729015,17.8977660946,6.22447165257,0.111358592992,0.0,-2.34469181964,0.164493337296,4.80571455368,-0.125490918311,-0.00388875160426,0.0,450.78599167063817,451.6911318233144,450.7754213216598,451.77204747676507
2.760000000000002,-2.80107628307,0.722322445006,18.1910499616,6.21694240675,0.113763246707,0.0,-2.4340378042,0.11811013386,4.96955153177,-0.127902970853,0.0127437857095,0.0,480.4362699257797,481.69582652951135,481.38619989539876,481.1904283994558
2.820000000000002,-2.94921936959,0.728250381889,18.488568998,6.20967920637,0.117617196271,0.0,-2.50441748709,0.0788864770177,4.94769769601,-0.136228390323,0.0308351434786,0.0,424.1580425747174,425.7091492621879,425.6577037496298,424.927993057925
2.880000000000002,-3.10157804823,0.731761082561,18.7840602238,6.20431907984,0.12171315578,0.0,-2.57460493948,0.0377193533997,4.90205427833,-0.155843221635,0.0131747107781,0.0,418.00996457360503,416.46803362370446,418.1558443122434,416.42280303206263
2.940000000000002,-3.25845039302,0.732547714666,19.0787264631,6.19513626094,0.122620076196,0.0,-2.65459354758,-0.0123053419057,4.91993699138,-0.161689207393,0.0159005726502,0.0,438.22866100583184,438.45511016984733,438.25046662544713,437.7401915880415
3.000000000000002,-3.4199258481,0.730330836085,19.3726032638,6.1856735597,0.124641134279,0.0,-2.72816670347,-0.0623658015488,4.87598764957,-0.157405691807,0.0033215072378,0.0,418.8413168880482,417.74558792441246,417.97081489193494,418.3178635343311
3.0600000000000023,-3.58616682136,0.7247269637,19.6661401409,6.17636589839,0.131404352571,0.0,-2.8138044822,-0.125243342071,4.90813849144,-0.162830985394,0.0302126208134,0.0,442.31770158497073,444.5270577360435,443.4016387866081,442.93148551942176
3.1200000000000023,-3.75817487322,0.71480194595,19.9653957524,6.17586252147,0.133205191093,0.0,-2.91995152878,-0.205503975819,5.06618050354,-0.197400083376,0.0289121300535,0.0,482.53198316787996,482.43398352497195,484.32365037537926,481.6895455027576
3.1800000000000024,-3.93618619701,0.700349857739,20.2709927194,6.16471746157,0.135825410005,0.0,-3.01403569147,-0.277236896111,5.11986653229,-0.207838132317,0.0173342063954,0.0,454.04359991536694,453.11372876515384,452.6521446259928,451.77241452505
3.2400000000000024,-4.11964223333,0.681612779435,20.5778685164,6.15390546825,0.138699834074,0.0,-3.10145942751,-0.34822954592,5.10911008236,-0.223197202489,0.0310191771481,0.0,432.9345646051456,434.0847290523947,433.75050413568107,432.4123505578513
3.3000000000000025,-4.30855800381,0.6583226238,20.8848590544,6.14264879514,0.152541529976,0.0,-3.19697891715,-0.429054503199,5.12324633542,-0.208346828073,-0.00811642120724,0.0,443.77958262532417,440.5549947273555,441.51696821205866,442.6933644906332
3.3600000000000025,-4.50348969091,0.629918851443,21.1930817557,6.1305139155,0.15456748678,0.0,-3.30095630683,-0.518789947827,5.15037390773,-0.216282863814,0.00809032243942,0.0,447.386833163199,448.7047350940134,447.3864325925142,446.69607159076025
3.4200000000000026,-4.70460613061,0.596014524407,21.5021918401,6.11753536455,0.157083264025,0.0,-3.40319237307,-0.612451789749,5.15289784357,-0.218604175203,0.0225454318891,0.0,440.0041446978523,441.19934096681857,440.83187824757584,440.59297109481366
3.4800000000000026,-4.91204365468,0.556155642169,21.8121112121,6.10782523277,0.16238218023,0.0,-3.5119160256,-0.716959877415,5.177162808,-0.240058533466,-0.000448701145499,0.0,449.52223671500064,447.654638572299,449.5633562389114,447.7710848379337
3.5400000000000027,-5.12623099162,0.509706053874,22.1241527599,6.09353531932,0.165430685449,0.0,-3.62798781171,-0.832603798816,5.2234674433,-0.245142928352,-0.0208968246486,0.0,456.90698972889885,455.2736374094322,458.0134755323053,457.55227961676536
3.6000000000000028,-5.34791565167,0.45551116471,22.4416795672,6.07994708925,0.16440616684,0.0,-3.76135658553,-0.97518808034,5.35959606404,-0.234687596046,-0.016715894065,0.0,485.92230372839606,486.235748392271,485.6129501751575,486.3438668432552
3.660000000000003,-5.57667542601,0.39363347555,22.7617182213,6.06599692488,0.17004501632,0.0,-3.86448489544,-1.08848762581,5.30801033641,-0.231744945074,0.0103410935603,0.0,428.4667437764418,430.7614469938348,428.37846553375283,428.57205230367623
3.720000000000003,-5.81185517148,0.324567583979,23.0793607134,6.05220366134,0.170835173428,0.0,-3.97501367287,-1.21481711653,5.27967846579,-0.236795658391,0.00447174628018,0.0,438.17203053320117,437.6836003936269,437.5601424964729,437.0841082360447
3.780000000000003,-6.0533055176,0.248226770101,23.3930020954,6.0392607376,0.171113956083,0.0,-4.0735306585,-1.33087398274,5.17506640699,-0.225618987966,0.00491411640482,0.0,412.3047311655133,412.3437385219055,411.74191757290146,412.67107462461456
3.840000000000003,-6.30113343857,0.164140421605,23.7026817043,6.02596743905,0.176405079376,0.0,-4.18789298001,-1.47303249776,5.14698615808,-0.221279349115,0.0282292627815,0.0,436.7857351298256,438.7261808279239,439.6198225701536,439.9289238582116
3.900000000000003,-6.55729186014,0.0693581404465,24.0179572588,6.01389234596,0.17988383899,0.0,-4.3509680403,-1.68736752601,5.36020118666,-0.234549156747,0.0417138267356,0.0,513.9301004564112,514.8853948230272,515.4753782055773,514.4936810199473
3.960000000000003,-6.82308201608,-0.038131214456,24.3443300226,6.00107353726,0.191892463567,0.0,-4.50988536391,-1.8965527198,5.51673228053,-0.223424315047,0.00671819604648,0.0,503.21512378667614,500.67524277851163,502.5153639080894,503.27509971222827
4.020000000000002,-7.097385905,-0.156599747498,24.6736799013,5.99116178032,0.195466087596,0.0,-4.63398316819,-2.05313347582,5.46110187892,-0.204115135181,-0.014024111557,0.0,440.69133852556627,438.97304173423544,438.46172241571526,440.01628742576355
4.080000000000001,-7.37938787023,-0.2848730065,25.0004727016,5.98136927157,0.196343553545,0.0,-4.76624916601,-2.22335429469,5.43140927408,-0.222520356753,-0.000811973906764,0.0,447.75644541008404,448.8303898578222,451.07610168688,449.54395865153424
4.14,-7.66942380417,-0.423610376719,25.3256679131,5.96953126823,0.196296996452,0.0,-4.90171515974,-2.4021278853,5.40772802496,-0.210193004228,-0.000708372843677,0.0,452.60452574977427,452.6128833486702,452.2939175709373,453.23970894380636
4.199999999999998,-7.96851515379,-0.574672085495,25.6536299682,5.95693865863,0.19634374249,0.0,-5.06793376702,-2.63418993706,5.52264476784,-0.209465722365,-0.00539394192431,0.0,498.56832893480095,498.22584544681945,497.98462105545553,497.99962056500476
4.259999999999997,-8.27634363891,-0.737849680991,25.982312366,5.94638980245,0.197367627399,0.0,-5.19327485537,-2.80585528626,5.43304933421,-0.195055146243,-0.0193666663787,0.0,436.0728452466392,434.9038677849342,435.00169807156027,436.1650778341612
4.319999999999996,-8.59189274928,-0.911740825066,26.306273769,5.93636156171,0.196308037253,0.0,-5.32512123071,-2.99125985377,5.36519529772,-0.210485025953,-0.024272055387,0.0,444.0190021213663,443.6162851165123,444.6005033565562,443.2947896004864
4.379999999999995,-8.91534906062,-1.09685663681,26.6258998141,5.9238817405,0.199585110761,0.0,-5.45715091566,-3.18012865276,5.28828627974,-0.216086129963,-0.0493353222249,0.0,443.44188707097686,441.37722445705043,442.0302938822048,441.52356324330924
4.439999999999993,-9.24679032109,-1.29347319937,26.9407850445,5.91643990858,0.196874978011,0.0,-5.59090266007,-3.37436949129,5.20754367205,-0.191514636987,-0.0561426720031,0.0,441.37379942989463,440.8097351377198,442.21925054672704,444.19661912445827
4.499999999999992,-9.5868221088,-1.50284899772,27.2532921117,5.90683916588,0.200729235526,0.0,-5.74387679717,-3.60536346233,5.20807267705,-0.207824205922,-0.0868079435362,0.0,471.0451592755748,468.6640652454656,471.95309546305526,470.65671484169934
4.559999999999991,-9.93592726143,-1.72592019015,27.5648486602,5.89442750095,0.198581189602,0.0,-5.89289970086,-3.83123366108,5.17617761513,-0.211920073674,-0.0688070674307,0.0,461.58168319067727,462.99545721940245,463.0766565711668,462.7130885175145
4.6199999999999894,-10.2942312096,-1.96323074964,27.875530199,5.88304294984,0.195724066159,0.0,-6.05039439438,-4.0799079775,5.17866003281,-0.200428115056,-0.0575979003705,0.0,475.353672063716,476.2092716948992,476.05127477724614,476.89066312269966
4.679999999999988,-10.6614844957,-2.21464724894,28.1838583044,5.87552331366,0.19850721538,0.0,-6.1917516412,-4.30113461584,5.09813933403,-0.178344907961,-0.0861866879119,0.0,451.42161634985104,449.1047051911258,450.9878514336961,452.7329043249772
4.739999999999987,-11.0377578055,-2.4803576462,28.4892989224,5.86481712534,0.203418395357,0.0,-6.35109604352,-4.55643732002,5.08167167831,-0.178660886942,-0.0525830264276,0.0,473.7500528503827,476.3234615723811,474.37319601500565,474.3203944986224
4.799999999999986,-11.4230607969,-2.76031069949,28.7907812933,5.8541177878,0.201799179238,0.0,-6.49245544087,-4.77613430151,4.96714053619,-0.181832059272,-0.0401549253939,0.0,443.57669551324585,444.5949978379249,445.0041579069144,444.7132418015346
4.859999999999984,-11.8162422653,-3.05232359596,29.0824733009,5.84340455377,0.199474706886,0.0,-6.61385996683,-4.95858230141,4.75600191969,-0.188037863965,-0.0379464277716,0.0,409.8250072379544,410.0204072783638,410.84713594141493,410.2604914591215
4.919999999999983,-12.2178191381,-3.3576885003,29.3662529385,5.84193709467,0.197455134363,0.0,-6.7720668097,-5.22032186826,4.70264690694,-0.223578961206,-0.0334627714819,0.0,465.7807517121133,466.130833217568,469.32262005446825,466.5179888585495
4.979999999999982,-12.628811778,-3.67862983675,29.6462877974,5.82851089874,0.196018377701,0.0,-6.92773499567,-5.47861441406,4.63060153746,-0.224518452586,-0.0262986162216,0.0,463.44551217073746,464.0081499922306,461.658853138534,461.53702233344154
5.0399999999999805,-13.0486984812,-4.01422770669,29.9196710613,5.81521258219,0.195051979826,0.0,-7.0686896791,-5.70893413635,4.48141538138,-0.230429399188,-0.0188487102405,0.0,437.8625900875711,438.48205489863375,438.68577142028107,438.1427723841667
